
University of Wyoming - Radiosonde Data

43150  Vishakhapatnam Observations at 00Z 19 May 2025

-----------------------------------------------------------------------------
   PRES   HGHT   TEMP   DWPT   RELH   MIXR   DRCT   SKNT   THTA   THTE   THTV
    hPa     m      C      C      %    g/kg    deg   knot     K      K      K 
-----------------------------------------------------------------------------
 1000.0     44                                                               
  998.0     66   28.0   26.2     90  22.05      0      4  301.3  366.7  305.3
  925.0    738   24.4   22.4     89  18.84     75     14  304.2  360.7  307.7
  850.0   1477   20.6   17.4     82  14.94    100     14  307.7  353.1  310.5
  700.0   3139   13.2    5.2     58   7.98    100     19  317.1  342.6  318.6
  500.0   5890   -3.3   -6.3     80   4.80     75      7  328.9  345.4  329.9
  400.0   7630  -11.9  -17.9     61   2.35    115      5  339.4  348.1  339.9
  300.0   9770  -27.3  -33.3     57   0.77    205      3  346.8  349.9  346.9
  250.0  11060  -37.1  -57.1     11   0.07     70      5  350.8  351.1  350.8
  200.0  12560  -49.7  -57.7     38   0.08     75      7  353.9  354.3  353.9
  150.0  14380  -65.3  -69.1     59   0.02    110      8  357.4  357.5  357.4
  100.0  16730  -82.1  -84.8     64   0.00     90     20  368.9  368.9  368.9
   96.0  16962  -80.0  -84.1     51   0.00     70     15  377.4  377.4  377.4
   94.0  17081  -78.9  -83.7     45   0.00     40     15  381.8  381.8  381.8
   93.0  17142  -78.3  -83.5     43   0.00     40     17  384.1  384.1  384.1
   90.9  17272  -77.1  -83.1     38   0.00     68     18  389.0  389.0  389.0
   90.0  17328  -77.4  -83.4     38   0.00     80     19  389.6  389.6  389.6
   89.0  17392  -77.6  -83.7     37   0.00     90     19  390.2  390.3  390.2
   84.0  17719  -79.1  -85.5     35   0.00    100     17  393.7  393.7  393.7
   81.0  17925  -80.1  -86.6     34   0.00     80     17  395.9  395.9  395.9
   73.0  18514  -82.7  -89.7     30   0.00     75     29  402.2  402.2  402.2
   72.0  18592  -83.1  -90.1     29   0.00     75     31  403.0  403.1  403.0
   70.0  18750  -82.1  -90.1     25   0.00     85     32  408.4  408.4  408.4
   68.0  18912  -82.0  -89.6     27   0.00     90     30  412.0  412.0  412.0
   67.0  18994  -82.0  -89.3     28   0.00    100     27  413.9  413.9  413.9
   65.4  19129  -81.9  -88.9     30   0.00    104     20  416.9  416.9  416.9
   65.0  19164  -81.1  -88.9     26   0.00    105     18  419.3  419.4  419.3
   63.4  19304  -77.9  -88.9     16   0.00    141     16  429.4  429.4  429.4
   63.0  19340  -77.9  -88.9     16   0.00    150     16  430.2  430.2  430.2
   62.0  19431  -77.8  -88.8     16   0.00    155     16  432.2  432.3  432.2
   61.0  19524  -77.8  -88.8     16   0.00    100     12  434.4  434.4  434.4
   60.0  19618  -77.8  -88.8     16   0.00     80     14  436.5  436.5  436.5
   58.2  19792  -77.7  -88.7     16   0.00     71     27  440.5  440.5  440.5
   58.0  19811  -77.5  -88.7     15   0.00     70     29  441.3  441.3  441.3
   57.0  19911  -76.7  -89.0     13   0.00     85     34  445.4  445.4  445.4
   56.3  19982  -76.1  -89.1     11   0.00     88     31  448.3  448.3  448.3
   56.0  20013  -75.2  -88.9     10   0.00     90     29  451.0  451.0  451.0
   54.0  20226  -69.2  -87.5      6   0.00    120     23  469.5  469.6  469.5
   53.7  20259  -68.3  -87.3      5   0.00    123     23  472.4  472.4  472.4
   53.0  20338  -67.5  -87.6      4   0.00    130     24  476.1  476.1  476.1
   50.0  20690  -63.7  -88.7      2   0.00    130     20  492.9  493.0  492.9
   49.5  20752  -62.5  -89.5      2   0.00    130     20  497.2  497.2  497.2
   49.0  20814  -62.6  -90.1      1   0.00    130     20  498.3  498.3  498.3
   44.0  21476  -64.1  -96.6      1   0.00    125     18  510.2  510.2  510.2
   43.5  21546  -64.3  -97.3      0   0.00    125     18  511.5  511.5  511.5
   42.0  21762  -63.5  -96.5      0   0.00    125     17  518.8  518.8  518.8
   41.0  21910  -62.9  -95.9      0   0.00     90     14  523.8  523.8  523.8
   40.4  22001  -62.5  -95.5      1   0.00     93     13  526.9  526.9  526.9
   40.0  22062  -62.8  -95.7      1   0.00     95     12  527.8  527.8  527.8
   39.0  22217  -63.4  -96.0      1   0.00     50     11  529.9  529.9  529.9
   38.0  22376  -64.1  -96.5      1   0.00     45     13  532.1  532.1  532.1
   36.9  22557  -64.9  -96.9      1   0.00     56     14  534.6  534.6  534.6
   36.0  22709  -64.0  -96.4      1   0.00     65     15  540.8  540.8  540.8
   35.0  22883  -62.9  -95.8      0   0.00     85     15  548.0  548.0  548.0
   33.0  23246  -60.6  -94.6      0   0.00     80     18  563.3  563.3  563.3
   32.9  23264  -60.5  -94.5      0   0.00     79     18  564.1  564.1  564.1
   32.0  23440  -58.1  -92.4      1   0.00     70     20  574.9  574.9  574.9
   31.0  23642  -55.4  -90.1      1   0.00     85     25  587.4  587.5  587.4
   30.1  23828  -52.9  -87.9      1   0.01     94     21  599.2  599.3  599.3
   30.0  23850  -52.1  -88.1      1   0.01     95     21  602.0  602.1  602.0
   29.0  24071  -50.4  -86.4      1   0.01     80     30  612.4  612.5  612.4
   28.8  24116  -50.1  -86.1      1   0.01     81     30  614.6  614.7  614.6
   28.0  24298  -50.7  -86.5      1   0.01     85     29  617.9  618.0  617.9
   27.0  24534  -51.5  -87.1      1   0.01    100     31  622.2  622.3  622.2
   26.0  24779  -52.2  -87.7      1   0.01    100     22  626.8  626.8  626.8
   25.0  25033  -53.0  -88.3      1   0.01    105     29  631.5  631.5  631.5
   24.0  25298  -53.9  -88.9      1   0.01    115     34  636.4  636.5  636.4
   23.0  25571  -53.9  -88.8      1   0.01    115     31  644.3  644.4  644.3
   22.0  25857  -53.8  -88.8      1   0.01    115     29  652.7  652.8  652.7
   20.0  26470  -53.7  -88.7      1   0.01    105     33  671.0  671.1  671.0
   19.8  26535  -53.9  -88.9      1   0.01    107     34  672.4  672.5  672.4
   19.0  26803  -51.3  -87.1      1   0.01    115     39  688.5  688.6  688.5
   18.0  27155  -47.9  -84.7      1   0.02     95     40  710.0  710.2  710.0
   17.9  27191  -47.5  -84.5      1   0.02     95     40  712.2  712.4  712.2
   17.0  27533  -46.5  -83.5      1   0.02     95     40  725.9  726.2  725.9
   16.1  27894  -45.5  -82.5      1   0.03     82     39  740.6  740.9  740.6
   16.0  27935  -45.6  -82.6      1   0.03     80     39  741.7  742.0  741.7
   15.0  28364  -46.4  -83.4      1   0.03     80     35  752.8  753.1  752.8
   14.2  28728  -47.1  -84.1      1   0.02     76     35  762.3  762.6  762.3
   14.0  28823  -46.8  -83.9      1   0.03     75     35  766.3  766.6  766.3
   13.0  29320  -45.5  -83.0      1   0.03     90     35  787.3  787.7  787.4
   12.0  29857  -44.0  -82.0      1   0.04    105     40  810.7  811.2  810.7
   11.0  30441  -42.4  -80.9      1   0.05     95     30  836.9  837.5  836.9
   10.0  31080  -40.7  -79.7      1   0.07     85     37  866.5  867.4  866.5
    9.0  31798  -40.3  -79.3      1   0.08     80     42  894.4  895.5  894.5
    8.0  32601  -39.9  -78.9      1   0.10     80     49  926.7  928.1  926.8
    7.3  33229  -37.5  -77.5      1   0.14     87     49  961.0  963.0  961.1
    7.0  33521  -34.9  -74.9      1   0.21     90     49  983.4  986.4  983.5
    6.9  33621  -33.1  -74.1      1   0.24     90     49  994.9  998.4  995.0
    6.1  34487  -33.5  -74.5      1   0.26     86     48 1028.8 1032.7 1029.0
    6.0  34602  -34.1  -75.1      1   0.24     85     48 1031.1 1034.7 1031.3
    5.9  34720  -34.7  -75.7      1   0.22     85     48 1033.5 1036.8 1033.6
    5.3  35475  -30.3  -72.3      1   0.41     85     51 1085.3 1091.7 1085.6
    5.0  35891  -29.5  -71.5      1   0.49     85     53 1107.0 1114.8 1107.4
    4.7  36333  -28.7  -70.7      1   0.59               1130.6 1140.0 1131.0
Station information and sounding indices
                             Station number: 43150
                           Observation time: 250519/0000
                           Station latitude: 17.70
                          Station longitude: 83.30
                          Station elevation: 66.0
                            Showalter index: -1.30
                               Lifted index: -4.83
    LIFT computed using virtual temperature: -5.48
                                SWEAT index: 243.80
                                    K index: 33.30
                         Cross totals index: 20.70
                      Vertical totals index: 23.90
                        Totals totals index: 44.60
      Convective Available Potential Energy: 2234.51
             CAPE using virtual temperature: 2460.90
                      Convective Inhibition: -12.74
             CINS using virtual temperature: -6.17
                           Equilibrum Level: 119.11
 Equilibrum Level using virtual temperature: 116.94
                   Level of Free Convection: 863.39
             LFCT using virtual temperature: 895.69
                     Bulk Richardson Number: 208.49
          Bulk Richardson Number using CAPV: 229.61
  Temp [K] of the Lifted Condensation Level: 297.48
Pres [hPa] of the Lifted Condensation Level: 944.41
   Equivalent potential temp [K] of the LCL: 364.25
     Mean mixed layer potential temperature: 302.41
              Mean mixed layer mixing ratio: 20.83
              1000 hPa to 500 hPa thickness: 5846.00
Precipitable water [mm] for entire sounding: 64.25

Description of the 
data columns
or sounding indices.







Interested in graduate studies in atmospheric science?
Check out our program at the
University of Wyoming


Questions about the weather data provided by this site can be
addressed to 
Larry Oolman (ldoolman@uwyo.edu)




